x, y, nLanes, offset, vLim, merge, diverge, noOvertake, mergeLeft, divergeLeft, detectors, xMerge, yMerge, mergeName, mergeLanes, mergeDetectors, xDiverge, yDiverge, divergeName, divergeLanes, divergeDetectors, length, xGlobal, mergeTaper, divergeTaper
[155606.6719, 155576.0156], [388362.5938, 388373.6875], 3, 3, 120, false, false, , false, false, , , , , , , , , , , , 32.6018, 0, false, false
[155576.0156, 155517.6719, 155471.2595, 155265.7031, 155211, 155188.1471, 155164, 155103.5313], [388373.6875, 388397.2813, 388412.8115, 388481.5938, 388500, 388507.7797, 388516, 388537.9688], 4, 3, 120, true, true, , false, false, [1, 259.6671, 2, 259.6671, 3, 259.6671, 4, 259.6671, 1, 478.1772, 2, 478.1772, 3, 478.1772, 4, 478.1772], [156528.4688, 156459.5781, 156392.75, 156392.75, 156314.875, 156204.1406, 156137.875, 156031.7344, 155963.7969, 155846.625, 155762.4844, 155669.6094, 155669.6094, 155620.5, 155610.8438, 155610.8438, 155595.7188, 155576.0156], [388324.6563, 388316.4063, 388306.5313, 388306.5313, 388295.5313, 388285.25, 388287.6563, 388292, 388298.25, 388311.3438, 388327.5313, 388351.2188, 388351.2188, 388365.875, 388368.6875, 388368.6875, 388373.125, 388373.6875], "kp batadorp", 1, , [155103.5313, 155076.4531, 155026.2969, 155013.7344, 155013.7344, 155000, 154987, 154984, 154984, 154986.1094, 154986.1094, 154990, 155000, 155010, 155021], [388537.9688, 388552.625, 388572.3125, 388579.5625, 388579.5625, 388591, 388615, 388631, 388645, 388652.375, 388652.375, 388666, 388698, 388729, 388758], "best 7", 1, [1, 78.7635], 500.3357, 32.6018, false, false
[155103.5313, 155000, 154822, 154787.2188], [388537.9688, 388576, 388637, 388649.1563], 3, 3, 120, false, false, , false, false, , , , , , , , , , , , 335.3021, 532.9375, false, false
[154787.2188, 154472.8921], [388649.1563, 388759.0272], 4, 3, 120, true, false, , false, false, [1, 281.171, 2, 281.171, 3, 281.171], [155008, 155000, 154970, 154967, 154956, 154949, 154947.1094, 154947.1094, 154935, 154928, 154906.1406, 154906.1406, 154787.2188], [388762, 388744, 388652, 388642, 388629, 388623, 388622.1875, 388622.1875, 388617, 388617, 388622, 388622, 388649.1563], "best 7", 1, , , , , , , 332.9758, 868.2396, false, false
[154472.8921, 153800.8183], [388759.0272, 388993.9463], 3, 3, 120, false, false, , false, false, [1, 517.9495, 2, 517.9495, 3, 517.9495], , , , , , , , , , , 711.9482, 1201.2154, false, false
[153800.8183, 153631.5156, 153559.1719], [388993.9463, 389053.125, 389078.4063], 4, 3, 120, false, true, , false, false, , , , , , , [153559.1719, 153512.6563, 153466.2188], [389078.4063, 389101.7813, 389122.125], "kriekampen", 1, , 255.9814, 1913.1635, false, false
[153559.1719, 153506, 153500, 153408, 153300, 153189, 153092, 153019, 153007, 152921, 152867.0625], [389078.4063, 389097, 389099, 389130, 389167, 389203, 389228, 389244, 389247, 389265, 389271.625], 3, 3, 120, false, false, , false, false, [1, 129.8228, 2, 129.8228, 3, 129.8228], , , , , , , , , , , 720.0686, 2169.1449, false, false
[152867.0625, 152839, 152756, 152598, 152535.5476], [389271.625, 389274, 389281, 389286, 389287.3331], 4, 3, 120, true, false, , false, false, [1, 52.2953, 2, 52.2953, 3, 52.2953], [152963.4844, 152876.875, 152867.0625], [389265.4688, 389272.1875, 389271.625], "kriekampen", 1, , , , , , , 332.0032, 2889.2136, false, false
[152535.5476, 151989, 151586, 151484, 151477, 151465, 151102.4844, 150639.625, 150299.2218], [389287.3331, 389299, 389310, 389314, 389314, 389314, 389319.25, 389330.7813, 389341.2454], 3, 3, 120, false, false, , false, false, [1, 419.3462, 2, 419.3462, 3, 419.3462, 1, 1737.8302, 2, 1737.8302, 3, 1737.8302, 1, 1063.385, 2, 1063.385, 3, 1063.385], , , , , , , , , , , 2237.0213, 3221.2167, false, false
[150299.2218, 150069.3281], [389341.2454, 389348.3125], 4, 3, 120, false, true, , false, false, [1, 54.5594, 2, 54.5594, 3, 54.5594], , , , , , [150069.3281, 149887.375, 149887.375, 149847.9844, 149816.7188, 149784.2813, 149747.6875, 149700.5781], [389348.3125, 389373.8125, 389373.8125, 389382.4375, 389391.4375, 389401.9688, 389417.1875, 389450.4688], "oirschot", 1, , 230.0022, 5458.2381, false, false
[150069.3281, 149995.9375, 149915, 149895, 149786, 149694, 149601, 149582, 149530, 149493, 149361, 149304.2031], [389348.3125, 389350.2188, 389359, 389362, 389382, 389404, 389435, 389442, 389462, 389477, 389545, 389583.0313], 2, 2, 120, false, false, , false, false, [1, 432.9688, 2, 432.9688, 1, 143.1048, 2, 143.1048, 3, 143.1048], , , , , , , , , , , 811.2223, 5688.2403, false, false
[149304.2031, 149240, 149214, 149091, 149043.4485], [389583.0313, 389626, 389646, 389750, 389799.8524], 3, 2, 120, true, false, , false, false, [1, 244.9439, 2, 244.9439], [149652.5469, 149624.0938, 149599.4219, 149584.3125, 149568.9531, 149550.0625, 149535.9688, 149513.0625, 149467.2344, 149445.3281, 149403.0313, 149403.0313, 149387.4219, 149304.2031], [389502.4063, 389519.2813, 389528.8438, 389531.625, 389534.125, 389533.625, 389533.375, 389531.375, 389528.5938, 389530.625, 389538.1563, 389538.1563, 389543.9688, 389583.0313], "oirschot", 1, , , , , , , 340.0263, 6499.4626, false, false
[149043.4485, 149029, 148938.2975], [389799.8524, 389815, 389912.3803], 2, 2, 120, false, false, , false, false, , , , , , , , , , , , 154.0119, 6839.4888, false, false
[148938.2975, 148805.3125, 148743, 148701, 148590, 148588, 148457, 148414, 148375, 148260, 147077, 147068, 146622, 145702, 145697, 145000, 144317, 144221, 144173.7969, 144112, 143082, 143074, 142394, 142085, 142047, 142014, 141986, 141313, 140990.3123], [389912.3803, 390055.1563, 390124, 390169, 390280, 390282, 390391, 390423, 390450, 390519, 391071, 391076, 391281, 391742, 391745, 392090, 392429, 392472, 392492.9688, 392521, 392963, 392966, 393260, 393392, 393409, 393423, 393436, 393750, 393900.6405], 2, 2, 120, false, false, "06 - 10 u. en 15 - 19 u. (vrachtauto's)", false, false, [1, 386.1193, 2, 386.1193, 1, 2232.8763, 2, 2232.8763, 1, 1152.1879, 2, 1152.1879, 1, 3563.5302, 2, 3563.5302, 1, 1702.3788, 2, 1702.3788, 1, 2902.6043, 2, 2902.6043, 1, 4753.5201, 2, 4753.5201, 1, 4043.3401, 2, 4043.3401, 1, 5354.9945, 2, 5354.9945, 1, 5954.6942, 2, 5954.6942, 1, 6505.4364, 2, 6505.4364, 1, 7144.0488, 2, 7144.0488, 1, 7753.6888, 2, 7753.6888, 1, 8303.7229, 2, 8303.7229], , , , , , , , , , , 8934.6142, 6993.5007, false, false
[140990.3123, 140906, 140777.2344], [393900.6405, 393940, 393999.7813], 3, 2, 120, false, true, "06 - 10 u. en 15 - 19 u. (vrachtauto's)", false, false, [1, 9.3459, 2, 9.3459], , , , , , [140777.2344, 140722, 140704.9375, 140704.9375, 140690, 140661, 140646, 140594, 140589], [393999.7813, 394034, 394044.6563, 394044.6563, 394054, 394073, 394084, 394128, 394131], "moergestel 9", 1, , 235.0131, 15928.1149, false, false
[140777.2344, 140768, 140755, 140678, 140586, 140574, 140566, 140559, 140485, 140317, 140260, 140191.6094], [393999.7813, 394004, 394010, 394044, 394088, 394094, 394098, 394101, 394135, 394212, 394239, 394272.4063], 2, 2, 120, false, false, "06 - 10 u. en 15 - 19 u. (vrachtauto's)", false, false, [1, 239.6619, 2, 239.6619], , , , , , , , , , , 646.0267, 16163.128, false, false
[140191.6094, 140131, 140088, 140000, 139919.439], [394272.4063, 394302, 394325, 394377, 394424.5234], 3, 2, 120, true, false, "06 - 10 u. en 15 - 19 u. (vrachtauto's)", false, false, [1, 101.0863, 2, 101.0863], [140455, 140348, 140309.6406, 140309.6406, 140207.9531, 140191.6094], [394176, 394214, 394228.6875, 394228.6875, 394267.5625, 394272.4063], "moergestel 9", 1, , , , , , , 311.9623, 16809.1547, false, false
[139919.439, 139683, 139304, 139211, 138982.4402], [394424.5234, 394564, 394793, 394847, 394985.0264], 2, 2, 120, false, false, "06 - 10 u. en 15 - 19 u. (vrachtauto's)", false, false, [1, 1036.3259, 2, 1036.3259, 1, 427.5275, 2, 427.5275], , , , , , , , , , , 1091.8681, 17121.117, false, false
[138982.4402, 138903, 138860.9844], [394985.0264, 395033, 395058.5625], 3, 2, 120, false, true, "06 - 10 u. en 15 - 19 u. (vrachtauto's)", false, false, , , , , , , [138860.9844, 138829.9688, 138770.3594], [395058.5625, 395084.5625, 395123.8125], "brehees", 1, , 141.9828, 18212.9852, false, false
[138860.9844, 138828, 138800, 138788, 138722, 138673, 138589, 138516, 138494, 138486.8438], [395058.5625, 395078, 395095, 395103, 395142, 395172, 395222, 395264, 395277, 395281.5313], 2, 2, 120, false, false, "06 - 10 u. en 15 - 19 u. (vrachtauto's)", false, false, [1, 311.7588, 2, 311.7588], , , , , , , , , , , 435.5792, 18354.968, false, false
[138486.8438, 138437, 138412, 138373.4219, 138303, 138237.4171], [395281.5313, 395313, 395327, 395350.0938, 395393, 395432.5345], 3, 2, 120, true, false, "06 - 10 u. en 15 - 19 u. (vrachtauto's)", false, false, , [138547.4531, 138499.9688, 138486.8438], [395260.5, 395276.1875, 395281.5313], "brehees", 1, , , , , , , 291.6023, 18790.5472, false, false
[138237.4171, 137948, 137814, 137704, 137602, 137590.7092], [395432.5345, 395607, 395686, 395747, 395799, 395804.1974], 2, 2, 120, false, false, "06 - 10 u. en 15 - 19 u. (vrachtauto's)", false, false, [1, 188.7047, 2, 188.7047], , , , , , , , , , , 746.1907, 19082.1495, false, false
[137590.7092, 137476, 137399, 137359.9844], [395804.1974, 395857, 395892, 395908.0938], 3, 2, 120, false, true, "06 - 10 u. en 15 - 19 u. (vrachtauto's)", false, false, [1, 3.7761, 2, 3.7761], , , , , , [137359.9844, 137340.5313, 137305.8438, 137305.8438, 137287, 137243, 137213, 137191, 137169, 137151, 137131, 137117, 137113, 137108, 137100, 137095, 137094, 137094, 137095, 137099, 137106, 137116, 137129, 137155.3281, 137155.3281, 137157, 137186, 137207.3594], [395908.0938, 395919.8438, 395937.4375, 395937.4375, 395947, 395972, 395995, 396012, 396036, 396061, 396092, 396123, 396134, 396147, 396177, 396204, 396227, 396259, 396285, 396312, 396342, 396369, 396395, 396440.1563, 396440.1563, 396443, 396481, 396520.1563], "kp de baars", 1, [1, 734.6625, 2, 734.6702, 1, 734.2011], 253.0646, 19828.3402, false, false
[137359.9844, 137302, 137201, 137130, 137096, 137080, 137061, 137027, 136972, 136937, 136905, 136874, 136846, 136818.3281, 136796, 136788, 136772, 136724, 136707, 136655, 136618, 136609, 136579, 136560, 136543.1875], [395908.0938, 395932, 395970, 395994, 396000, 396003, 396005, 396008, 396008, 396004, 395998, 395991, 395982, 395971.2188, 395961, 395958, 395950, 395923, 395910, 395867, 395827, 395816, 395771, 395743, 395704.4375], 2, 2, 120, false, false, "06 - 10 u. en 15 - 19 u. (vrachtauto's)", false, false, [1, 216.5687, 2, 216.5687, 1, 767.9835, 2, 767.9835], , , , , , , , , , , 956.9218, 20081.4049, false, false
